time_stamp	px_state	py_state	v_state	yaw_angle_state	yaw_rate_state	sensor_type	NIS	px_measured	py_measured	px_ground_truth	py_ground_truth	vx_ground_truth	vy_ground_truth
1477010443000000	0.312243	0.58034	0	0	0	lidar	2.24642e-314	0.312243	0.58034	0.6	0.6	5.19994	0
1477010443100000	1.15507	0.483257	0.0836164	9.89334e-18	0	lidar	0.728625	1.17385	0.481073	1.11998	0.600225	5.19943	0.00538996
1477010443200000	1.44966	0.553238	0.99306	0.015386	0.00252332	lidar	4.83014	1.65063	0.62469	1.6399	0.601347	5.19839	0.0179597
1477010443300000	1.90356	0.594694	2.55386	0.157578	0.0373995	lidar	8.86004	2.18882	0.648739	2.1597	0.604086	5.19678	0.0376932
1477010443400000	2.41077	0.636472	3.69607	0.110306	0.0175987	lidar	6.6765	2.65526	0.66598	2.67932	0.609155	5.1945	0.0645654
1477010443500000	2.87476	0.631852	4.15852	0.0140879	-0.0270271	lidar	1.88339	3.01222	0.637046	3.19869	0.617267	5.19147	0.0985415
1477010443600000	3.57837	0.38483	4.93827	-0.339016	-0.320016	lidar	9.85903	3.89365	0.311793	3.71772	0.62913	5.18754	0.139576
1477010443700000	4.1737	0.481104	5.1888	-0.0610253	0.238937	lidar	3.26171	4.30935	0.578564	4.23632	0.645449	5.18256	0.187614
1477010443800000	4.55384	0.746548	4.82481	0.25248	0.870007	lidar	5.95374	4.35143	0.899174	4.75437	0.666921	5.17634	0.242587
1477010443900000	5.21511	0.715345	5.23511	0.131007	0.342773	lidar	7.64371	5.51894	0.648233	5.27175	0.694234	5.16867	0.304413
1477010444000000	5.83772	0.723773	5.43678	0.0824522	0.147698	lidar	2.51163	6.022	0.708619	5.78828	0.728072	5.15932	0.372999
1477010444100000	6.35405	0.887297	5.43289	0.202185	0.357184	lidar	0.498277	6.34249	0.948833	6.30379	0.769103	5.14803	0.448233
1477010444200000	6.85975	0.830523	5.35329	0.100355	0.110128	lidar	1.83435	6.78214	0.714036	6.81808	0.817988	5.13452	0.52999
1477010444300000	7.30565	0.936885	5.23792	0.155093	0.182995	lidar	1.93394	7.13735	0.957217	7.3309	0.875373	5.11851	0.618123
1477010444400000	7.82522	0.856409	5.20497	0.0613738	0.0139286	lidar	1.86056	7.80533	0.719126	7.84199	0.941886	5.09966	0.712469
1477010444500000	8.31585	0.865671	5.16161	0.0499676	-0.00411974	lidar	0.3383	8.24796	0.840322	8.35106	1.01814	5.07766	0.812843
1477010444600000	8.80353	0.970271	5.13706	0.0970096	0.0573401	lidar	0.759252	8.74615	1.04858	8.85775	1.10473	5.05216	0.919037
1477010444700000	9.29693	1.03527	5.11617	0.111112	0.0674489	lidar	0.121646	9.25579	1.04913	9.36172	1.20223	5.0228	1.03082
1477010444800000	9.86395	1.24799	5.22659	0.195449	0.157564	lidar	5.10604	10.0484	1.44598	9.86254	1.31118	4.98922	1.14794
1477010444900000	10.3393	1.40142	5.18581	0.236953	0.186202	lidar	0.773214	10.2492	1.45907	10.3598	1.4321	4.95106	1.2701
1477010445000000	10.8142	1.49928	5.14067	0.244304	0.17437	lidar	0.560584	10.7313	1.45265	10.853	1.56549	4.90794	1.39701
1477010445100000	11.3834	1.6154	5.23965	0.25028	0.161724	lidar	2.49749	11.587	1.61462	11.3416	1.71179	4.85948	1.52832
1477010445200000	11.8605	1.75081	5.19973	0.269732	0.16537	lidar	0.40142	11.7788	1.74591	11.8251	1.87144	4.80531	1.66366
1477010445300000	12.3531	1.8532	5.1771	0.270135	0.149011	lidar	0.390167	12.3226	1.78353	12.3029	2.04482	4.74508	1.80265
1477010445400000	12.7784	2.06761	5.10153	0.321861	0.187061	lidar	2.99194	12.5924	2.17509	12.7743	2.23227	4.67842	1.94485
1477010445500000	13.2104	2.2998	5.05757	0.372647	0.220194	lidar	1.77265	13.0875	2.40708	13.2388	2.43409	4.605	2.08981
1477010445600000	13.716	2.53152	5.12748	0.407118	0.232477	lidar	1.40166	13.836	2.62479	13.6955	2.65053	4.52448	2.23703
1477010445700000	14.1847	2.80802	5.16119	0.456991	0.259812	lidar	1.23582	14.2106	2.94205	14.1439	2.88179	4.43656	2.38601
1477010445800000	14.6003	3.00224	5.08088	0.474319	0.251553	lidar	1.69136	14.4616	2.90734	14.583	3.12802	4.34097	2.5362
1477010445900000	15.0335	3.32937	5.11201	0.536203	0.28984	lidar	2.11211	15.0261	3.5067	15.0122	3.38932	4.23744	2.68703
1477010446000000	15.4748	3.67114	5.16719	0.592174	0.317736	lidar	1.7563	15.5236	3.82936	15.4306	3.66572	4.12575	2.83789
1477010446100000	15.9185	3.97422	5.19879	0.623093	0.316467	lidar	0.248492	15.9774	4.00094	15.8375	3.95719	4.00571	2.98817
1477010446200000	16.3274	4.3361	5.22777	0.67522	0.337868	lidar	0.779211	16.3313	4.44499	16.2319	4.26363	3.87716	3.13723
1477010446300000	16.694	4.67622	5.19024	0.719343	0.349301	lidar	0.501601	16.6039	4.67344	16.613	4.5849	3.74	3.28438
1477010446400000	17.0458	5.08725	5.20609	0.783219	0.37987	lidar	1.21001	16.9955	5.21099	16.9799	4.92077	3.59416	3.42897
1477010446500000	17.3744	5.45866	5.16663	0.828786	0.388432	lidar	0.471473	17.2894	5.43542	17.3319	5.27094	3.4396	3.57028
1477010446600000	17.7466	5.77475	5.13156	0.836963	0.356308	lidar	1.59256	17.7853	5.62476	17.6679	5.63506	3.27637	3.70762
1477010446700000	18.0954	6.16188	5.14512	0.869247	0.352594	lidar	0.0623728	18.1263	6.16985	17.9872	6.01269	3.10453	3.84027
1477010446800000	18.3543	6.60016	5.12023	0.93547	0.38574	lidar	1.52318	18.2164	6.66138	18.2888	6.40332	2.92421	3.96753
1477010446900000	18.6293	6.94677	5.02308	0.960434	0.372383	lidar	2.55165	18.5422	6.76013	18.572	6.80638	2.7356	4.08867
1477010447000000	18.989	7.30025	5.02602	0.955395	0.32753	lidar	2.55292	19.1441	7.18344	18.8359	7.22122	2.53893	4.20299
1477010447100000	19.1858	7.77073	5.01332	1.03079	0.372819	lidar	2.64612	19.0138	7.8688	19.0798	7.64712	2.3345	4.3098
1477010447200000	19.3445	8.19636	4.92626	1.09643	0.403696	lidar	3.0929	19.132	8.12845	19.3028	8.08329	2.12266	4.40842
1477010447300000	19.5073	8.55479	4.78174	1.13572	0.404139	lidar	5.15861	19.347	8.30741	19.5042	8.5289	1.90381	4.49819
1477010447400000	19.799	8.95238	4.80522	1.13143	0.356752	lidar	3.04743	20.0039	8.8906	19.6835	8.983	1.67841	4.57848
1477010447500000	20.044	9.40319	4.85569	1.15173	0.340066	lidar	0.990069	20.1574	9.45949	19.8398	9.44463	1.44697	4.64869
1477010447600000	20.2072	9.86824	4.86267	1.19954	0.354511	lidar	0.276291	20.1573	9.90876	19.9728	9.91275	1.21005	4.70826
1477010447700000	20.303	10.37	4.87906	1.27167	0.392847	lidar	1.91009	20.166	10.4687	20.0818	10.3863	0.968259	4.75666
1477010447800000	20.4102	10.8863	4.92859	1.32987	0.412171	lidar	1.07111	20.371	11.0109	20.1663	10.864	0.722256	4.7934
1477010447900000	20.4519	11.3677	4.89785	1.39782	0.440513	lidar	1.22757	20.3164	11.3483	20.2261	11.3449	0.472738	4.81807
1477010448000000	20.5526	11.8725	4.93892	1.43346	0.431179	lidar	0.523877	20.6141	11.9422	20.2608	11.8275	0.220439	4.83027
1477010448100000	20.5113	12.4031	4.96263	1.52183	0.478178	lidar	2.888	20.3263	12.4966	20.2701	12.3108	-0.0338694	4.82968
1477010448200000	20.5151	12.8974	4.95878	1.57318	0.481928	lidar	0.0209054	20.498	12.8924	20.254	12.7933	-0.28939	4.81605
1477010448300000	20.3998	13.3397	4.86444	1.66164	0.525492	lidar	4.50896	20.1943	13.1688	20.2122	13.2738	-0.545298	4.78918
1477010448400000	20.3363	13.8392	4.88876	1.71758	0.528625	lidar	0.161072	20.3245	13.8896	20.1449	13.7509	-0.800753	4.74892
1477010448500000	20.2078	14.3243	4.89572	1.78953	0.548452	lidar	0.510325	20.1216	14.337	20.0521	14.2233	-1.0549	4.69521
1477010448600000	19.9842	14.7903	4.89569	1.88946	0.595605	lidar	2.79932	19.781	14.773	19.934	14.6897	-1.30687	4.62805
1477010448700000	19.8853	15.2411	4.86785	1.92043	0.566217	lidar	1.29672	20.0208	15.2053	19.7908	15.1486	-1.55581	4.54751
1477010448800000	19.7729	15.6614	4.80137	1.95133	0.540513	lidar	1.95374	19.9131	15.554	19.6229	15.5989	-1.80085	4.45372
1477010448900000	19.5449	16.0758	4.77993	2.02403	0.560343	lidar	0.605537	19.4748	16.0098	19.4307	16.039	-2.04114	4.3469
1477010449000000	19.2899	16.438	4.71179	2.10218	0.584484	lidar	1.87528	19.238	16.2719	19.2148	16.4679	-2.27586	4.22731
1477010449100000	19.0279	16.836	4.71788	2.16552	0.589482	lidar	0.041094	19.0029	16.8387	18.9757	16.8841	-2.50418	4.0953
1477010449200000	18.7139	17.2575	4.7948	2.23254	0.596632	lidar	1.52757	18.6148	17.3832	18.7142	17.2866	-2.72534	3.95127
1477010449300000	18.3092	17.5953	4.82905	2.33694	0.642616	lidar	2.95451	18.1023	17.5529	18.4309	17.674	-2.93858	3.79568
1477010449400000	18.0446	17.9732	4.8116	2.36159	0.601711	lidar	2.16845	18.2094	18.0461	18.1268	18.0453	-3.14318	3.62906
1477010449500000	17.7534	18.2863	4.74009	2.40428	0.584768	lidar	1.62561	17.9018	18.2183	17.8026	18.3994	-3.3385	3.45199
1477010449600000	17.3958	18.6251	4.77242	2.45338	0.574519	lidar	0.389171	17.3845	18.7039	17.4595	18.7353	-3.5239	3.26509
1477010449700000	17.0645	18.915	4.72348	2.49693	0.560843	lidar	0.819145	17.1762	18.8863	17.0983	19.0521	-3.69883	3.06904
1477010449800000	16.6427	19.143	4.71912	2.57837	0.587162	lidar	0.876383	16.5734	19.052	16.7201	19.3488	-3.86278	2.86455
1477010449900000	16.2461	19.4529	4.77384	2.61116	0.559527	lidar	1.71097	16.2338	19.6171	16.3262	19.6246	-4.01531	2.65237
1477010450000000	15.8634	19.7438	4.7854	2.63643	0.527586	lidar	1.31617	15.9243	19.8703	15.9176	19.8789	-4.15602	2.43329
1477010450100000	15.4466	20.0316	4.83143	2.66306	0.49993	lidar	1.48787	15.4332	20.1836	15.4956	20.111	-4.28461	2.2081
1477010450200000	15.0733	20.312	4.80863	2.67346	0.459164	lidar	2.17598	15.2016	20.4385	15.0613	20.3203	-4.4008	1.97763
1477010450300000	14.6508	20.5483	4.81618	2.7059	0.445126	lidar	0.260613	14.6665	20.6088	14.6161	20.5063	-4.50443	1.74272
1477010450400000	14.1614	20.6878	4.84283	2.78114	0.476734	lidar	1.40146	14.0521	20.5924	14.1611	20.6686	-4.59537	1.50421
1477010450500000	13.6366	20.7996	4.90277	2.86067	0.509187	lidar	2.16685	13.4686	20.7253	13.6977	20.807	-4.67357	1.26294
1477010450600000	13.145	20.8907	4.90891	2.92758	0.525741	lidar	0.349157	13.1072	20.8294	13.2271	20.9211	-4.73904	1.01975
1477010450700000	12.7206	21.0138	4.84521	2.95878	0.504364	lidar	1.57366	12.8729	21.0592	12.7506	21.0108	-4.79186	0.775469
1477010450800000	12.2338	21.0955	4.86011	3.00798	0.502867	lidar	0.0578188	12.2062	21.11	12.2695	21.0761	-4.83219	0.530912
1477010450900000	11.7272	21.0517	4.86177	3.10112	0.547494	lidar	2.48914	11.6814	20.8651	11.785	21.117	-4.86022	0.286869
1477010451000000	11.2727	21.0637	4.81864	3.15095	0.543018	lidar	0.488754	11.363	21.0688	11.2982	21.1335	-4.87623	0.0441057
1477010451100000	10.8153	21.007	4.77815	3.22069	0.559755	lidar	0.752115	10.8903	20.927	10.8105	21.1259	-4.88053	-0.196643
1477010451200000	10.3043	21.0404	4.83789	3.24122	0.521849	lidar	2.6741	10.189	21.209	10.3229	21.0943	-4.87349	-0.434674
1477010451300000	9.86798	20.98	4.77506	3.29294	0.52231	lidar	0.977085	9.99634	20.9797	9.83658	21.0391	-4.85554	-0.669327
1477010451400000	9.43396	20.8888	4.72395	3.3487	0.526712	lidar	0.668453	9.53921	20.8762	9.35258	20.9607	-4.82714	-0.899977
1477010451500000	8.90644	20.7959	4.82146	3.39187	0.515492	lidar	2.50273	8.70331	20.8221	8.87192	20.8594	-4.78881	-1.12605
1477010451600000	8.38964	20.6062	4.91205	3.46561	0.537347	lidar	2.61801	8.22277	20.4839	8.39557	20.7358	-4.74108	-1.34701
1477010451700000	7.9179	20.4425	4.92652	3.51634	0.534025	lidar	0.0651853	7.88599	20.45	7.92445	20.5903	-4.68453	-1.56237
1477010451800000	7.38905	20.3042	5.01322	3.53915	0.500933	lidar	3.19561	7.18029	20.392	7.45939	20.4237	-4.61975	-1.7717
1477010451900000	6.89995	20.1312	5.04402	3.57188	0.482417	lidar	0.651619	6.81542	20.1859	7.00119	20.2364	-4.54738	-1.97462
1477010452000000	6.4291	19.9466	5.05056	3.60279	0.464252	lidar	0.411837	6.38914	20.0137	6.55059	20.0292	-4.46805	-2.17079
1477010452100000	5.94682	19.7555	5.07467	3.62637	0.440115	lidar	0.859569	5.86119	19.8306	6.10823	19.8027	-4.38241	-2.35993
1477010452200000	5.55136	19.525	5.00197	3.67227	0.442838	lidar	1.30874	5.69089	19.5755	5.67472	19.5577	-4.29114	-2.5418
1477010452300000	5.13164	19.3193	4.95792	3.69595	0.421702	lidar	1.02214	5.17021	19.4397	5.25059	19.2948	-4.19488	-2.71622
1477010452400000	4.7663	19.0212	4.9136	3.75847	0.443445	lidar	1.09327	4.89149	18.982	4.8363	19.015	-4.09432	-2.88305
1477010452500000	4.39465	18.7586	4.86332	3.79642	0.437233	lidar	0.668177	4.4685	18.834	4.43224	18.7188	-3.99012	-3.0422
1477010452600000	4.08306	18.4531	4.78241	3.85568	0.454377	lidar	2.00209	4.26269	18.481	4.03876	18.4071	-3.88293	-3.19362
1477010452700000	3.65266	18.1538	4.85506	3.87493	0.4261	lidar	2.3437	3.45919	18.167	3.65611	18.0807	-3.77339	-3.33732
1477010452800000	3.25329	17.8066	4.92171	3.91083	0.418329	lidar	1.17561	3.12525	17.7493	3.28449	17.7402	-3.66215	-3.47331
1477010452900000	2.90271	17.565	4.82615	3.91545	0.380273	lidar	4.05248	2.9449	17.8154	2.92405	17.3866	-3.54982	-3.60167
1477010453000000	2.56741	17.1809	4.8625	3.96764	0.394781	lidar	0.585215	2.55407	17.0853	2.57486	17.0205	-3.437	-3.72251
1477010453100000	2.24713	16.8218	4.85622	4.00621	0.393885	lidar	0.0106894	2.25371	16.8334	2.23695	16.6427	-3.32428	-3.83595
1477010453200000	1.94016	16.3476	4.95914	4.07611	0.424821	lidar	3.78669	1.88972	16.1054	1.91027	16.254	-3.21219	-3.94216
1477010453300000	1.58576	15.9942	4.97029	4.08198	0.386428	lidar	1.84827	1.44745	16.0853	1.59474	15.8549	-3.10129	-4.04132
1477010453400000	1.27261	15.5467	5.04273	4.12287	0.388049	lidar	1.29858	1.18395	15.4284	1.29021	15.4463	-2.99207	-4.13364
1477010453500000	0.920128	15.1023	5.13832	4.14024	0.364676	lidar	2.92576	0.722706	15.0075	0.996486	15.0288	-2.88503	-4.21933
1477010453600000	0.675748	14.673	5.10811	4.18355	0.372127	lidar	0.292997	0.737301	14.7047	0.71333	14.603	-2.78061	-4.29864
1477010453700000	0.372836	14.2286	5.15099	4.20201	0.352058	lidar	0.947712	0.253435	14.2029	0.440459	14.1696	-2.67925	-4.37181
1477010453800000	0.239098	13.7354	5.11492	4.28473	0.402291	lidar	3.4236	0.459172	13.6856	0.177545	13.7292	-2.58135	-4.43909
1477010453900000	-0.037528	13.2813	5.14973	4.29518	0.370609	lidar	1.54534	-0.190344	13.2856	-0.0757753	13.2823	-2.48728	-4.50075
1477010454000000	-0.149729	12.8295	5.06186	4.35975	0.400497	lidar	3.0171	0.0462308	12.9301	-0.319903	12.8295	-2.39739	-4.55704
1477010454100000	-0.368199	12.3608	5.08303	4.37816	0.377429	lidar	0.779527	-0.476482	12.3633	-0.555273	12.3714	-2.31202	-4.60823
1477010454200000	-0.550018	11.9231	5.03697	4.39903	0.360075	lidar	0.905705	-0.582624	12.0386	-0.78235	11.9083	-2.23144	-4.65456
1477010454300000	-0.852504	11.4459	5.1144	4.3741	0.29487	lidar	6.84731	-1.17212	11.3988	-1.00163	11.4409	-2.15594	-4.69628
1477010454400000	-1.14336	10.995	5.1342	4.34858	0.23648	lidar	4.36239	-1.39289	11.0424	-1.21362	10.9695	-2.08575	-4.73364
1477010454500000	-1.37619	10.4945	5.18872	4.3533	0.216199	lidar	1.25937	-1.49687	10.4198	-1.41889	10.4945	-2.02111	-4.76686
1477010454600000	-1.58254	10.0705	5.11713	4.35414	0.194329	lidar	1.81139	-1.61875	10.2374	-1.61797	10.0165	-1.96221	-4.79615
1477010454700000	-1.75322	9.62211	5.07152	4.37038	0.191003	lidar	0.520734	-1.73381	9.71347	-1.81147	9.53564	-1.90924	-4.82172
1477010454800000	-1.9135	9.04522	5.20341	4.40558	0.207905	lidar	4.58035	-1.93833	8.77028	-1.99998	9.05243	-1.86233	-4.84374
1477010454900000	-2.10266	8.54974	5.21887	4.41157	0.192175	lidar	0.370252	-2.1768	8.5411	-2.18412	8.56717	-1.82164	-4.86238
1477010455000000	-2.24401	8.07653	5.17912	4.43056	0.192042	lidar	0.389283	-2.21875	8.15339	-2.3645	8.0802	-1.78726	-4.87778
1477010455100000	-2.45632	7.59089	5.19368	4.41944	0.1598	lidar	1.34658	-2.59674	7.60288	-2.54177	7.59184	-1.75931	-4.89006
1477010455200000	-2.66811	7.09101	5.2248	4.40977	0.132471	lidar	1.17512	-2.79865	7.064	-2.71658	7.10238	-1.73786	-4.89933
1477010455300000	-2.80296	6.66222	5.11976	4.42119	0.130733	lidar	2.72492	-2.74651	6.86867	-2.88957	6.61214	-1.72295	-4.90566
1477010455400000	-2.93308	6.18551	5.09457	4.43786	0.134592	lidar	0.17623	-2.90217	6.22989	-3.0614	6.12139	-1.71464	-4.90911
1477010455500000	-3.10069	5.65501	5.16354	4.443	0.125626	lidar	1.28011	-3.1778	5.53101	-3.23274	5.63043	-1.71295	-4.9097
1477010455600000	-3.29978	5.14853	5.20148	4.43081	0.0992354	lidar	1.23455	-3.43031	5.10507	-3.40424	5.13955	-1.71787	-4.90745
1477010455700000	-3.52437	4.62228	5.27147	4.411	0.0675106	lidar	2.47453	-3.69435	4.52196	-3.57657	4.64902	-1.72939	-4.90233
1477010455800000	-3.78753	4.10881	5.32976	4.37609	0.0231221	lidar	3.28722	-4.00238	4.04684	-3.75039	4.15913	-1.74749	-4.8943
1477010455900000	-3.93863	3.64188	5.26991	4.38346	0.0284217	lidar	0.923341	-3.88053	3.75177	-3.92635	3.67019	-1.77212	-4.8833
1477010456000000	-4.12493	3.16472	5.24797	4.37707	0.0185289	lidar	0.23654	-4.15119	3.21968	-4.10509	3.18248	-1.8032	-4.86925
1477010456100000	-4.30285	2.63912	5.2927	4.38048	0.0202916	lidar	0.497138	-4.32451	2.55034	-4.28727	2.69633	-1.84065	-4.85202
1477010456200000	-4.5201	2.13085	5.32489	4.36599	0.00271824	lidar	0.645339	-4.61223	2.09192	-4.47352	2.21205	-1.88436	-4.83149
1477010456300000	-4.75484	1.61038	5.37795	4.34803	-0.0166619	lidar	1.17014	-4.86829	1.53442	-4.66444	1.72998	-1.93422	-4.80751
1477010456400000	-4.85713	1.14677	5.28267	4.37548	0.0142786	lidar	3.45028	-4.66779	1.28643	-4.86066	1.25049	-1.99007	-4.7799
1477010456500000	-4.97673	0.689868	5.20002	4.39221	0.0305487	lidar	2.02166	-4.85498	0.825661	-5.06277	0.77393	-2.05174	-4.74848
1477010456600000	-5.13572	0.212108	5.17703	4.39465	0.0298985	lidar	0.131056	-5.1231	0.257311	-5.27133	0.300706	-2.11906	-4.71303
1477010456700000	-5.29952	-0.261823	5.15439	4.3942	0.0262399	lidar	0.144039	-5.29972	-0.212982	-5.4869	-0.168772	-2.1918	-4.67335
1477010456800000	-5.60106	-0.659916	5.09474	4.33034	-0.0447617	lidar	7.32254	-5.85359	-0.445801	-5.71001	-0.634069	-2.26974	-4.62919
1477010456900000	-5.81678	-1.16515	5.15271	4.32078	-0.0501189	lidar	0.866819	-5.87835	-1.26863	-5.94118	-1.09472	-2.35262	-4.58032
1477010457000000	-6.10457	-1.59797	5.14071	4.27488	-0.093802	lidar	2.44456	-6.27263	-1.50938	-6.18087	-1.55025	-2.44014	-4.52648
1477010457100000	-6.32712	-2.08136	5.16834	4.26735	-0.0917028	lidar	0.193648	-6.34007	-2.13685	-6.42954	-2.00014	-2.532	-4.46742
1477010457200000	-6.635	-2.51129	5.16874	4.22074	-0.131606	lidar	1.98624	-6.79288	-2.4458	-6.68761	-2.44386	-2.62788	-4.40288
1477010457300000	-6.84992	-3.00425	5.20185	4.22628	-0.111485	lidar	0.763954	-6.8003	-3.10086	-6.95546	-2.88084	-2.7274	-4.3326
1477010457400000	-7.11116	-3.40778	5.14045	4.19954	-0.128442	lidar	1.2732	-7.12118	-3.26434	-7.23344	-3.3105	-2.83017	-4.25632
1477010457500000	-7.42056	-3.75021	5.04213	4.14747	-0.170716	lidar	4.56511	-7.49009	-3.49081	-7.52184	-3.73223	-2.93579	-4.1738
1477010457600000	-7.7494	-4.20001	5.11488	4.11532	-0.186216	lidar	1.62952	-7.88049	-4.29783	-7.82094	-4.14538	-3.04381	-4.08479
1477010457700000	-8.09258	-4.66147	5.20539	4.0866	-0.196248	lidar	2.16785	-8.22492	-4.79812	-8.13095	-4.5493	-3.15376	-3.98906
1477010457800000	-8.37907	-5.08989	5.20073	4.07698	-0.18566	lidar	0.145698	-8.33552	-5.1059	-8.45204	-4.94331	-3.26514	-3.88641
1477010457900000	-8.76197	-5.49869	5.2498	4.03244	-0.212886	lidar	1.52865	-8.91477	-5.51752	-8.78433	-5.32669	-3.37745	-3.77663
1477010458000000	-9.08087	-5.87723	5.20667	4.01025	-0.214184	lidar	0.461578	-9.03391	-5.80267	-9.12788	-5.69872	-3.49012	-3.65955
1477010458100000	-9.40625	-6.14777	5.05083	3.96378	-0.242014	lidar	6.92979	-9.30811	-5.82368	-9.4827	-6.05868	-3.60261	-3.53503
1477010458200000	-9.71212	-6.53242	5.03446	3.95809	-0.222503	lidar	0.551152	-9.62547	-6.55958	-9.84874	-6.4058	-3.71431	-3.40295
1477010458300000	-10.1135	-6.86989	5.05647	3.9123	-0.247295	lidar	0.907102	-10.2246	-6.83402	-10.2259	-6.73933	-3.82463	-3.26321
1477010458400000	-10.5621	-7.22614	5.14609	3.8645	-0.271054	lidar	2.71247	-10.7616	-7.29159	-10.614	-7.05849	-3.93293	-3.11577
1477010458500000	-11.0327	-7.55099	5.21758	3.81023	-0.299276	lidar	2.27634	-11.2219	-7.56979	-11.0128	-7.36252	-4.03859	-2.96062
1477010458600000	-11.3505	-7.82733	5.0756	3.79595	-0.284061	lidar	5.29905	-11.0934	-7.6776	-11.422	-7.65064	-4.14093	-2.79777
1477010458700000	-11.7039	-8.04716	4.93751	3.75684	-0.296762	lidar	4.90617	-11.5269	-7.8215	-11.8413	-7.92208	-4.23932	-2.6273
1477010458800000	-12.1154	-8.25426	4.87652	3.7031	-0.322815	lidar	1.77506	-12.09	-8.08828	-12.2702	-8.17609	-4.33309	-2.44932
1477010458900000	-12.5114	-8.43579	4.79026	3.6525	-0.343036	lidar	2.35726	-12.4231	-8.2599	-12.7082	-8.41193	-4.42156	-2.26399
1477010459000000	-13.0337	-8.64293	4.89519	3.58657	-0.37522	lidar	4.09792	-13.2911	-8.64594	-13.1547	-8.62886	-4.50407	-2.07151
1477010459100000	-13.4632	-8.76458	4.81395	3.52372	-0.402881	lidar	2.5921	-13.384	-8.57583	-13.6092	-8.82619	-4.57997	-1.87214
1477010459200000	-13.9332	-8.95004	4.8508	3.4848	-0.400956	lidar	0.341047	-13.9959	-8.99264	-14.0709	-9.00324	-4.64861	-1.6662
1477010459300000	-14.399	-9.12944	4.87549	3.45333	-0.391573	lidar	0.259436	-14.4273	-9.1875	-14.5391	-9.15936	-4.70936	-1.45402
1477010459400000	-14.9248	-9.19002	4.90967	3.37228	-0.435055	lidar	2.66566	-15.062	-9.04396	-15.013	-9.29397	-4.76161	-1.23603
1477010459500000	-15.4653	-9.37467	5.03485	3.35283	-0.40816	lidar	4.74244	-15.6682	-9.56749	-15.4916	-9.40649	-4.80476	-1.01269
1477010459600000	-15.9886	-9.50945	5.09329	3.3241	-0.394731	lidar	1.05775	-16.0862	-9.59819	-15.9741	-9.49642	-4.83827	-0.784484
1477010459700000	-16.4785	-9.51829	5.04866	3.25586	-0.425412	lidar	1.62459	-16.4229	-9.37029	-16.4594	-9.5633	-4.8616	-0.55198
1477010459800000	-17.0173	-9.51626	5.08619	3.18956	-0.449824	lidar	1.07902	-17.1132	-9.43043	-16.9464	-9.60673	-4.87427	-0.315773
1477010459900000	-17.5293	-9.54456	5.0959	3.15065	-0.443326	lidar	0.0750688	-17.5448	-9.57485	-17.4342	-9.62636	-4.87583	-0.0765024
1477010460000000	-18.0229	-9.49897	5.06758	3.09092	-0.459867	lidar	0.535482	-17.9724	-9.42299	-17.9216	-9.62194	-4.86588	0.165151
1477010460100000	-18.4634	-9.51465	4.9782	3.06916	-0.435641	lidar	2.719	-18.2763	-9.60997	-18.4074	-9.59325	-4.84408	0.40847
1477010460200000	-18.9572	-9.48422	4.97689	3.03248	-0.428417	lidar	0.0665175	-18.9545	-9.51544	-18.8904	-9.54017	-4.81012	0.652707
1477010460300000	-19.4116	-9.30945	4.92542	2.94319	-0.477912	lidar	3.77014	-19.2983	-9.09865	-19.3694	-9.46265	-4.76378	0.897083
1477010460400000	-19.8855	-9.1203	4.9266	2.86123	-0.513869	lidar	1.65328	-19.8731	-8.96417	-19.8431	-9.36071	-4.70487	1.1408
1477010460500000	-20.3127	-9.18089	4.82157	2.89557	-0.425137	lidar	12.8496	-20.1607	-9.59663	-20.3102	-9.23446	-4.63328	1.38303
1477010460600000	-20.7454	-9.00559	4.78874	2.8306	-0.449159	lidar	1.00411	-20.6596	-8.91527	-20.7696	-9.08409	-4.54895	1.62296
1477010460700000	-21.152	-8.84663	4.72505	2.7807	-0.455154	lidar	1.04691	-21.0195	-8.85081	-21.2198	-8.90987	-4.45191	1.85972
1477010460800000	-21.5714	-8.73498	4.67404	2.76045	-0.429294	lidar	1.49288	-21.5029	-8.87191	-21.6597	-8.71217	-4.34224	2.0925
1477010460900000	-21.9957	-8.55776	4.6644	2.71926	-0.427582	lidar	0.0265436	-21.9793	-8.57089	-22.0881	-8.49143	-4.22007	2.32043
1477010461000000	-22.4597	-8.36036	4.72274	2.68368	-0.419495	lidar	0.924872	-22.5838	-8.35296	-22.5035	-8.24817	-4.08564	2.5427
1477010461100000	-22.8935	-7.99315	4.82561	2.58268	-0.479885	lidar	7.15264	-22.9861	-7.6724	-22.9049	-7.98301	-3.93923	2.75848
1477010461200000	-23.3389	-7.68142	4.91153	2.52381	-0.49016	lidar	1.95485	-23.4777	-7.56583	-23.2911	-7.69663	-3.78118	2.967
1477010461300000	-23.679	-7.37192	4.85509	2.45813	-0.508272	lidar	1.18623	-23.5408	-7.36069	-23.6609	-7.3898	-3.61191	3.16746
1477010461400000	-24.0254	-7.11701	4.78124	2.42522	-0.490752	lidar	1.74128	-23.9384	-7.26171	-24.0132	-7.06336	-3.43189	3.35916
1477010461500000	-24.3292	-6.67758	4.82141	2.32197	-0.546349	lidar	4.25747	-24.2574	-6.4352	-24.347	-6.71823	-3.24166	3.54138
1477010461600000	-24.5548	-6.33884	4.69474	2.25015	-0.566225	lidar	4.45493	-24.3008	-6.43799	-24.6612	-6.35538	-3.0418	3.71347
1477010461700000	-24.9253	-5.96519	4.78869	2.21829	-0.538963	lidar	3.10852	-25.146	-5.91902	-24.955	-5.97587	-2.83295	3.87484
1477010461800000	-25.2035	-5.59558	4.76845	2.17049	-0.532974	lidar	0.148458	-25.1941	-5.64372	-25.2276	-5.58079	-2.61581	4.02492
1477010461900000	-25.4904	-5.17334	4.82054	2.12004	-0.529201	lidar	0.687342	-25.5713	-5.10241	-25.4779	-5.1713	-2.39109	4.16322
1477010462000000	-25.7261	-4.79568	4.77064	2.07637	-0.520352	lidar	0.714562	-25.6952	-4.89995	-25.7055	-4.7486	-2.15956	4.2893
1477010462100000	-25.9432	-4.34338	4.80415	2.01577	-0.52876	lidar	0.365427	-25.9516	-4.26659	-25.9096	-4.31392	-1.92202	4.40279
1477010462200000	-26.1232	-3.84129	4.8723	1.94229	-0.549176	lidar	1.66396	-26.1198	-3.67723	-26.0897	-3.86856	-1.67928	4.50337
1477010462300000	-26.1897	-3.33514	4.8668	1.84005	-0.598398	lidar	3.0098	-25.9974	-3.24722	-26.2453	-3.41381	-1.4322	4.59081
1477010462400000	-26.2631	-2.86271	4.8422	1.76374	-0.615916	lidar	0.528463	-26.1741	-2.87885	-26.376	-2.95098	-1.18162	4.66493
1477010462500000	-26.4608	-2.48768	4.76118	1.76684	-0.550118	lidar	7.08998	-26.674	-2.73852	-26.4815	-2.48143	-0.928411	4.72562
1477010462600000	-26.587	-2.0623	4.72029	1.73698	-0.524655	lidar	1.23126	-26.6691	-2.17333	-26.5616	-2.0065	-0.673434	4.77284
1477010462700000	-26.5898	-1.57501	4.72658	1.65568	-0.554484	lidar	1.13346	-26.4671	-1.53207	-26.6161	-1.52753	-0.417552	4.80664
1477010462800000	-26.6118	-1.11343	4.71134	1.59904	-0.555935	lidar	0.0599253	-26.5998	-1.14277	-26.6451	-1.04586	-0.161616	4.8271
1477010462900000	-26.6525	-0.632664	4.73464	1.56023	-0.538198	lidar	0.5339	-26.7355	-0.59539	-26.6485	-0.562811	0.0935412	4.83439
1477010463000000	-26.5725	-0.1029	4.81018	1.47639	-0.568296	lidar	2.5332	-26.4553	0.0602653	-26.6264	-0.0796947	0.347104	4.82874
1477010463100000	-26.5486	0.424001	4.88521	1.43375	-0.552472	lidar	1.70291	-26.6201	0.57588	-26.5792	0.402213	0.598287	4.81045
1477010463200000	-26.5574	0.94432	4.93896	1.41738	-0.511299	lidar	2.79751	-26.7293	1.06082	-26.5069	0.881666	0.846334	4.77986
1477010463300000	-26.4452	1.42741	4.93831	1.35563	-0.52235	lidar	0.148589	-26.3986	1.42212	-26.4101	1.35745	1.09053	4.73737
1477010463400000	-26.3373	1.87802	4.89555	1.30651	-0.519674	lidar	0.458097	-26.3594	1.79315	-26.2891	1.82841	1.33018	4.68345
1477010463500000	-26.2133	2.30621	4.83363	1.25878	-0.516066	lidar	0.958595	-26.2502	2.18481	-26.1444	2.29342	1.56467	4.61859
1477010463600000	-26.0577	2.77334	4.849	1.21003	-0.512898	lidar	0.071056	-26.0641	2.80701	-25.9765	2.75141	1.79339	4.54334
1477010463700000	-25.8657	3.27179	4.92317	1.15994	-0.510701	lidar	1.3626	-25.8345	3.42005	-25.7861	3.20139	2.01582	4.45828
1477010463800000	-25.6587	3.69627	4.8935	1.10662	-0.513434	lidar	0.226693	-25.6666	3.63509	-25.5737	3.64239	2.23146	4.36404
1477010463900000	-25.5312	4.10321	4.8069	1.09323	-0.47497	lidar	3.69262	-25.7492	3.99968	-25.3402	4.07353	2.43989	4.26125
1477010464000000	-25.2092	4.51663	4.84938	1.00806	-0.513753	lidar	2.33111	-25.0214	4.52803	-25.0863	4.49399	2.64071	4.15058
1477010464100000	-24.9703	4.91347	4.82229	0.967288	-0.503033	lidar	0.325024	-25.0363	4.88499	-24.8126	4.90303	2.83361	4.03273
1477010464200000	-24.6304	5.30981	4.87128	0.896689	-0.523577	lidar	1.12217	-24.5041	5.35293	-24.5201	5.29995	3.01833	3.90839
1477010464300000	-24.2506	5.65461	4.88926	0.813729	-0.555281	lidar	1.33787	-24.1159	5.61152	-24.2095	5.68414	3.19464	3.77827
1477010464400000	-23.9062	5.9847	4.87053	0.754679	-0.559248	lidar	0.106184	-23.9153	5.94377	-23.8818	6.05508	3.36239	3.64309
1477010464500000	-23.5739	6.30758	4.84137	0.709288	-0.548714	lidar	0.351872	-23.6471	6.29102	-23.5377	6.41227	3.52148	3.50357
1477010464600000	-23.153	6.67615	4.95543	0.657953	-0.543214	lidar	3.25947	-23.0099	6.86182	-23.1781	6.75533	3.67185	3.36041
1477010464700000	-22.7417	6.9936	4.99391	0.607814	-0.538245	lidar	0.39576	-22.6991	7.063	-22.804	7.08393	3.8135	3.21431
1477010464800000	-22.3806	7.29022	4.95417	0.577462	-0.514312	lidar	1.09541	-22.5083	7.31524	-22.4161	7.39782	3.94647	3.06598
1477010464900000	-22.0337	7.60479	4.9185	0.564642	-0.474468	lidar	2.26507	-22.1947	7.69478	-22.0154	7.69679	4.07087	2.91607
1477010465000000	-21.6262	7.8847	4.92579	0.529895	-0.461122	lidar	0.234694	-21.6473	7.94	-21.6026	7.98072	4.18681	2.76526
1477010465100000	-21.1522	8.02765	4.90069	0.439577	-0.507543	lidar	2.85812	-21.0853	7.83229	-21.1787	8.24957	4.29447	2.61417
1477010465200000	-20.8124	8.32893	4.84396	0.451161	-0.443104	lidar	5.99523	-21.0519	8.50983	-20.7444	8.50333	4.39406	2.46341
1477010465300000	-20.334	8.57426	4.9245	0.414811	-0.433957	lidar	1.70774	-20.21	8.68914	-20.3006	8.74206	4.48582	2.31358
1477010465400000	-19.9337	8.80311	4.88147	0.397604	-0.40699	lidar	1.35445	-20.0633	8.86724	-19.848	8.96589	4.57001	2.16524
1477010465500000	-19.4814	8.97769	4.87713	0.355185	-0.408826	lidar	0.00900088	-19.4861	8.96665	-19.3873	9.17499	4.64694	2.01891
1477010465600000	-18.9314	9.14354	5.00087	0.300407	-0.422299	lidar	3.96716	-18.6786	9.19191	-18.9193	9.36959	4.71692	1.8751
1477010465700000	-18.4502	9.34201	5.03487	0.281992	-0.397031	lidar	1.08467	-18.4242	9.46852	-18.4446	9.54996	4.78028	1.73429
1477010465800000	-17.922	9.55053	5.13155	0.267089	-0.370126	lidar	3.21466	-17.7736	9.72478	-17.9639	9.71643	4.83737	1.59691
1477010465900000	-17.4099	9.74318	5.18285	0.254608	-0.343913	lidar	1.49466	-17.3436	9.88109	-17.4777	9.86936	4.88856	1.46338
1477010466000000	-16.9098	9.95982	5.21843	0.258597	-0.303263	lidar	2.32423	-16.8876	10.145	-16.9868	10.0091	4.93421	1.33408
1477010466100000	-16.4392	10.1653	5.20075	0.264356	-0.265351	lidar	1.80683	-16.5153	10.3091	-16.4915	10.1362	4.97469	1.20937
1477010466200000	-15.9513	10.2584	5.16557	0.225288	-0.27872	lidar	0.531666	-16.006	10.1843	-15.9924	10.2511	5.01039	1.08956
1477010466300000	-15.4744	10.3092	5.10615	0.17751	-0.299991	lidar	1.45189	-15.5699	10.1904	-15.4899	10.3543	5.04166	0.974957
1477010466400000	-14.964	10.4185	5.12499	0.157557	-0.289272	lidar	0.234575	-14.9365	10.4722	-14.9846	10.4462	5.06889	0.865828
1477010466500000	-14.4395	10.3982	5.12322	0.0894393	-0.330778	lidar	2.17599	-14.4088	10.222	-14.4766	10.5276	5.09243	0.762418
1477010466600000	-13.9058	10.6059	5.19775	0.124055	-0.258392	lidar	7.98812	-13.8049	10.9383	-13.9665	10.5989	5.11263	0.664944
1477010466700000	-13.3795	10.6244	5.2043	0.0815889	-0.276019	lidar	0.397379	-13.3556	10.5517	-13.4545	10.6608	5.12983	0.573603
1477010466800000	-12.8904	10.7822	5.18408	0.10581	-0.22102	lidar	3.84463	-12.9591	11.0099	-12.9409	10.7138	5.14436	0.48857
1477010466900000	-12.3713	10.7541	5.17639	0.051969	-0.254826	lidar	1.43058	-12.3713	10.6091	-12.426	10.7587	5.15651	0.409997
1477010467000000	-11.8804	10.8715	5.15241	0.0674191	-0.211413	lidar	2.47686	-11.9451	11.0515	-11.91	10.7961	5.16658	0.338022
1477010467100000	-11.3894	10.9154	5.12128	0.0531483	-0.204245	lidar	0.301537	-11.4548	10.9407	-11.393	10.8265	5.17484	0.272761
1477010467200000	-10.8061	10.8468	5.21679	-0.00687327	-0.245955	lidar	4.39687	-10.6009	10.6823	-10.8753	10.8509	5.18153	0.214317
1477010467300000	-10.318	10.8507	5.17005	-0.0250491	-0.23937	lidar	0.592224	-10.4142	10.8747	-10.3569	10.8697	5.18687	0.162776
1477010467400000	-9.81099	10.9261	5.15992	-0.00989625	-0.197857	lidar	2.17267	-9.83445	11.1032	-9.83809	10.8837	5.19106	0.118212
1477010467500000	-9.2987	10.9572	5.15615	-0.0126128	-0.179727	lidar	0.413615	-9.3066	11.0348	-9.31887	10.8936	5.19428	0.0806865
1477010467600000	-8.78526	10.9894	5.15406	-0.0127267	-0.160752	lidar	0.450988	-8.78899	11.0707	-8.79937	10.9001	5.19667	0.050248
1477010467700000	-8.35888	10.8673	5.02702	-0.0747295	-0.209935	lidar	7.05757	-8.62045	10.6577	-8.27965	10.9039	5.19835	0.0269359
1477010467800000	-7.77273	10.8858	5.14917	-0.0696095	-0.181717	lidar	4.7076	-7.51971	11.0005	-7.75979	10.9057	5.19942	0.0107791
1477010467900000	-7.23394	10.8352	5.18771	-0.0915899	-0.1856	lidar	0.385112	-7.15631	10.815	-7.23983	10.9063	5.19994	0.00179692
