time_stamp	px_state	py_state	v_state	yaw_angle_state	yaw_rate_state	sensor_type	NIS	px_measured	py_measured	px_ground_truth	py_ground_truth	vx_ground_truth	vy_ground_truth
1477010443050000	0.735335	0.629467	7.20389	-2.01234e-17	-1.02444e-17	radar	74.6701	0.862916	0.534212	0.859997	0.600045	5.19975	0.00179686
1477010443150000	0.906123	0.146404	7.29217	0.11815	0.0433003	radar	1.23647	0.969149	0.397513	1.37996	0.600629	5.19898	0.0107781
1477010443250000	1.49261	0.504004	6.5225	0.308984	0.0606726	radar	4.60568	1.62331	0.499091	1.89982	0.60247	5.19766	0.0269323
1477010443350000	1.97472	0.568276	5.82752	0.202513	-0.117702	radar	5.48451	1.96701	0.557117	2.41954	0.606284	5.19573	0.0502389
1477010443450000	2.60899	0.602127	5.64492	0.0572696	-0.482858	radar	3.30154	2.92034	0.645898	2.93904	0.612786	5.19309	0.080668
1477010443550000	3.24304	0.498081	5.63059	-0.175294	-1.06792	radar	2.80545	3.56096	0.485311	3.45825	0.622685	5.18963	0.11818
1477010443650000	3.87219	0.549596	5.6155	-0.102495	-0.554962	radar	3.44565	4.19786	0.698311	3.97708	0.636689	5.18519	0.162724
1477010443750000	4.43886	0.565423	5.52592	-0.0955512	-0.433098	radar	2.07423	4.61908	0.68951	4.49542	0.655498	5.17962	0.214238
1477010443850000	4.98651	0.550931	5.41604	-0.120225	-0.421342	radar	3.37479	5.20901	0.66599	5.01315	0.679804	5.1727	0.272649
1477010443950000	5.48429	0.579835	5.38977	-0.0729413	-0.243163	radar	1.73995	5.22834	0.639362	5.53013	0.710295	5.16422	0.337868
1477010444050000	5.98575	0.449122	5.33955	-0.161521	-0.362237	radar	1.70964	5.89392	0.373584	6.04618	0.747647	5.15393	0.409793
1477010444150000	6.50925	0.551612	5.25468	-0.0800742	-0.182373	radar	3.76133	6.62134	0.836138	6.5611	0.792523	5.14157	0.488305
1477010444250000	7.02915	0.539366	5.1666	-0.0860128	-0.168631	radar	3.36891	7.29121	0.630741	7.07469	0.845578	5.12685	0.573269
1477010444350000	7.61781	0.61061	5.23831	-0.0362266	-0.077686	radar	5.04297	8.08349	0.819605	7.58668	0.907449	5.10946	0.664531
1477010444450000	8.13924	0.686038	5.15458	0.000153535	-0.0256135	radar	3.4541	8.40453	0.884557	8.0968	0.978759	5.08907	0.761915
1477010444550000	8.65322	0.938587	5.18822	0.11569	0.107673	radar	7.59969	8.45858	1.41118	8.60472	1.06011	5.06537	0.865226
1477010444650000	9.23902	1.03039	5.23839	0.137518	0.119433	radar	5.25548	9.8809	1.1419	9.1101	1.15208	5.03798	0.974245
1477010444750000	9.7884	1.21892	5.27004	0.194554	0.164188	radar	2.6718	10.1016	1.52474	9.61255	1.25524	5.00656	1.08873
1477010444850000	10.2924	1.44849	5.20623	0.261074	0.213926	radar	3.46427	10.5377	1.72555	10.1117	1.37011	4.97074	1.20841
1477010444950000	10.7647	1.64324	5.11123	0.308382	0.24165	radar	3.31446	10.9084	1.70343	10.6069	1.49721	4.93014	1.33298
1477010445050000	11.287	1.69744	5.13471	0.292813	0.205689	radar	1.37481	11.4783	1.42876	11.0979	1.637	4.8844	1.46213
1477010445150000	11.7431	1.78426	5.07536	0.294666	0.191425	radar	1.88741	11.4763	1.53917	11.584	1.78992	4.83313	1.59551
1477010445250000	12.2292	1.98355	5.12603	0.326805	0.200366	radar	1.04237	12.136	2.14937	12.0647	1.95639	4.77598	1.73273
1477010445350000	12.7237	2.05984	5.1516	0.314807	0.171995	radar	1.88044	12.5457	1.77728	12.5394	2.13677	4.71257	1.87338
1477010445450000	13.2245	2.31584	5.23484	0.356013	0.188281	radar	2.25504	13.2198	2.6644	13.0075	2.33137	4.64258	2.01701
1477010445550000	13.5612	2.69685	5.10884	0.44812	0.253196	radar	12.9603	12.7087	3.12439	13.4682	2.54047	4.56565	2.16317
1477010445650000	13.9968	2.89353	5.07314	0.468152	0.250948	radar	0.673961	13.8302	2.73893	13.9208	2.7643	4.48147	2.31134
1477010445750000	14.4888	3.05297	5.1237	0.463295	0.222249	radar	1.45922	14.5568	2.87021	14.3646	3.00303	4.38974	2.46099
1477010445850000	14.916	3.42481	5.18446	0.521664	0.246271	radar	2.62923	14.6754	3.96041	14.7989	3.25679	4.29021	2.61157
1477010445950000	15.3302	3.79287	5.17187	0.581234	0.276934	radar	1.39767	15.3685	4.14761	15.2228	3.52563	4.18263	2.76249
1477010446050000	15.77	3.95493	5.12315	0.576538	0.254547	radar	1.8134	15.7234	3.4105	15.6355	3.80957	4.06678	2.91315
1477010446150000	16.1787	4.25051	5.07014	0.614346	0.271325	radar	1.66989	16.3376	4.21632	16.0363	4.10854	3.94251	3.0629
1477010446250000	16.6076	4.52894	5.07515	0.634307	0.265668	radar	0.248576	16.7586	4.48231	16.4242	4.42242	3.80966	3.21109
1477010446350000	16.9318	4.92953	4.98315	0.709857	0.317999	radar	5.5216	16.9236	5.10119	16.7983	4.75103	3.66817	3.35704
1477010446450000	17.304	5.16799	4.91294	0.72767	0.315386	radar	1.78158	17.3421	4.64623	17.1579	5.09409	3.51797	3.50008
1477010446550000	17.6568	5.39231	4.81975	0.745716	0.315789	radar	2.9509	17.6463	4.74597	17.5019	5.45128	3.35907	3.63949
1477010446650000	17.9497	5.8111	4.79167	0.814458	0.352074	radar	1.8445	17.9216	6.07151	17.8297	5.82221	3.19151	3.77458
1477010446750000	18.2339	6.27611	4.82772	0.879303	0.372835	radar	1.0621	18.1245	6.79027	18.1402	6.20641	3.01542	3.90462
1477010446850000	18.493	6.73082	4.83727	0.943485	0.395615	radar	0.567242	18.4022	7.02231	18.4328	6.60333	2.83093	4.0289
1477010446950000	18.7885	7.12576	4.86056	0.972503	0.381802	radar	0.374596	18.8089	7.24388	18.7064	7.01237	2.63825	4.14672
1477010447050000	18.9625	7.56385	4.81194	1.04523	0.418423	radar	3.75665	18.5479	7.4012	18.9604	7.43283	2.43767	4.25737
1477010447150000	19.2243	7.92728	4.7952	1.06923	0.404434	radar	0.299012	19.3089	7.67375	19.1939	7.86397	2.22949	4.36017
1477010447250000	19.4184	8.33161	4.78285	1.10605	0.397654	radar	2.37541	19.0239	8.17194	19.4062	8.30497	2.01409	4.45445
1477010447350000	19.6201	8.71872	4.74197	1.14741	0.406981	radar	0.728917	19.6843	8.35902	19.5966	8.75494	1.7919	4.53956
1477010447450000	19.7531	9.21932	4.75547	1.21408	0.430241	radar	0.656059	19.6061	9.48659	19.7645	9.21294	1.56341	4.61488
1477010447550000	19.8393	9.71321	4.75075	1.28804	0.461623	radar	1.2809	19.6163	9.76606	19.9093	9.67795	1.32916	4.67984
1477010447650000	19.8876	10.3477	4.86243	1.3525	0.453651	radar	5.69815	19.1911	11.5493	20.0303	10.1489	1.08972	4.73389
1477010447750000	19.9217	10.8469	4.85856	1.42115	0.477439	radar	1.12743	19.6775	10.803	20.1271	10.6247	0.845742	4.77652
1477010447850000	19.9326	11.4493	4.93733	1.4773	0.467282	radar	2.91149	19.4335	12.3402	20.1993	11.1041	0.597892	4.80727
1477010447950000	19.8052	12.0349	4.96704	1.588	0.530903	radar	5.76176	19.2063	12.2418	20.2466	11.5861	0.346889	4.82575
1477010448050000	19.8952	12.4187	4.90315	1.58431	0.469652	radar	4.23978	19.966	11.9688	20.2687	12.0692	0.093487	4.83159
1477010448150000	19.851	12.872	4.86962	1.65358	0.505484	radar	2.0764	20.0192	12.4823	20.2652	12.5522	-0.161529	4.82451
1477010448250000	19.9374	13.2136	4.77781	1.67504	0.496361	radar	5.17233	20.9151	12.2555	20.2363	13.0339	-0.417348	4.80428
1477010448350000	19.8821	13.669	4.76675	1.72023	0.491039	radar	0.196812	19.858	13.5236	20.1818	13.5129	-0.673135	4.77072
1477010448450000	19.8482	14.0643	4.714	1.76817	0.50384	radar	1.5446	20.3387	13.5307	20.1017	13.9878	-0.928043	4.72374
1477010448550000	19.7331	14.5132	4.70744	1.82214	0.508037	radar	0.182133	19.6717	14.4038	19.9962	14.4573	-1.18121	4.66331
1477010448650000	19.6828	14.8574	4.62893	1.8556	0.497713	radar	2.16558	20.1149	14.0165	19.8655	14.9202	-1.43177	4.58944
1477010448750000	19.506	15.2863	4.6241	1.95419	0.577506	radar	11.0631	20.0157	15.3443	19.7099	15.3749	-1.67887	4.50226
1477010448850000	19.4	15.6341	4.56382	1.99847	0.571877	radar	1.28916	19.9388	15.0864	19.5298	15.8203	-1.92164	4.40193
1477010448950000	19.2178	16.0404	4.55452	2.04135	0.550641	radar	0.625615	19.1556	16.0022	19.3257	16.2549	-2.15925	4.28868
1477010449050000	19.0353	16.4164	4.53534	2.09671	0.558845	radar	0.828001	19.4007	16.2962	19.0981	16.6777	-2.39087	4.16284
1477010449150000	18.7349	16.8779	4.61185	2.18913	0.613965	radar	9.90917	18.8373	17.7112	18.8477	17.0872	-2.61571	4.02476
1477010449250000	18.5652	17.2232	4.54793	2.20257	0.551273	radar	4.67502	18.8177	17.0316	18.5752	17.4822	-2.83299	3.87489
1477010449350000	18.3098	17.5812	4.53439	2.24102	0.526043	radar	0.939842	18.2749	17.4877	18.2814	17.8617	-3.042	3.71372
1477010449450000	18.0285	17.8701	4.50403	2.31178	0.556779	radar	1.5658	18.3021	17.498	17.9671	18.2246	-3.24204	3.5418
1477010449550000	17.8508	18.1755	4.44866	2.34229	0.539511	radar	6.96136	18.8558	18.1364	17.6334	18.5697	-3.43247	3.35973
1477010449650000	17.5519	18.4351	4.41845	2.40599	0.556478	radar	0.75055	17.7945	18.0801	17.281	18.8962	-3.61271	3.16817
1477010449750000	17.189	18.8269	4.48328	2.44966	0.541142	radar	4.45238	16.9398	19.7311	16.9113	19.203	-3.78221	2.9678
1477010449850000	16.748	19.216	4.58307	2.50944	0.548074	radar	4.3725	16.1674	20.2201	16.5251	19.4894	-3.9405	2.75938
1477010449950000	16.3759	19.3397	4.52002	2.59284	0.582405	radar	9.06913	16.4366	18.2742	16.1237	19.7545	-4.08716	2.54364
1477010450050000	16.0449	19.5431	4.46158	2.62829	0.548461	radar	2.1523	16.2328	19.2166	15.7082	19.9978	-4.22185	2.32141
1477010450150000	15.5116	19.9381	4.60541	2.66749	0.523859	radar	8.85059	14.3677	21.3406	15.2799	20.2185	-4.34427	2.09347
1477010450250000	15.0601	20.1212	4.61609	2.72794	0.529254	radar	1.30702	14.7476	19.9571	14.84	20.4162	-4.4542	1.86068
1477010450350000	14.5341	20.3736	4.70291	2.78394	0.532561	radar	1.99558	13.841	21.0031	14.3897	20.5904	-4.55149	1.62386
1477010450450000	14.0505	20.5564	4.74126	2.8416	0.540402	radar	0.578568	13.8232	20.859	13.9304	20.7408	-4.63606	1.38386
1477010450550000	13.6069	20.6261	4.7338	2.92085	0.578254	radar	1.90862	13.8263	20.4261	13.4632	20.8671	-4.70789	1.14153
1477010450650000	13.1489	20.7614	4.74614	2.97034	0.573108	radar	1.95506	13.2669	21.1579	12.9895	20.969	-4.76702	0.897694
1477010450750000	12.5349	20.9321	4.86563	3.02325	0.568799	radar	3.58564	11.5171	21.6724	12.5106	21.0465	-4.81358	0.653175
1477010450850000	12.0821	20.9796	4.85357	3.08073	0.574584	radar	0.979478	12.3859	21.1066	12.0276	21.0996	-4.84773	0.408778
1477010450950000	11.5946	20.9563	4.84971	3.14842	0.58452	radar	1.04612	11.5265	20.6748	11.5418	21.1283	-4.86971	0.165281
1477010451050000	11.0526	20.9031	4.88076	3.21845	0.592545	radar	3.76018	10.5558	20.5567	11.0544	21.1327	-4.87982	-0.076565
1477010451150000	10.4183	20.9608	4.96529	3.24773	0.550464	radar	5.09801	9.30535	21.3896	10.5666	21.1131	-4.8784	-0.31604
1477010451250000	9.92203	20.9457	4.97027	3.28941	0.537485	radar	1.52751	9.97958	21.2932	10.0795	21.0697	-4.86585	-0.552463
1477010451350000	9.41855	20.9314	4.95488	3.30996	0.492195	radar	2.85668	9.38223	21.111	9.59422	21.0028	-4.84262	-0.785189
1477010451450000	9.01282	20.8435	4.90056	3.35612	0.490773	radar	2.30691	9.63392	20.9724	9.11177	20.9128	-4.80919	-1.01362
1477010451550000	8.72568	20.6317	4.7652	3.42379	0.504978	radar	4.36623	9.84634	20.009	8.63315	20.8003	-4.76608	-1.2372
1477010451650000	8.27401	20.4827	4.77024	3.47819	0.511001	radar	0.0688592	8.29647	20.4978	8.1593	20.6657	-4.71387	-1.45542
1477010451750000	7.87823	20.3237	4.75781	3.53687	0.527415	radar	3.30601	8.29081	20.6565	7.69111	20.5096	-4.65313	-1.66781
1477010451850000	7.39674	20.1414	4.78307	3.58325	0.519456	radar	0.470796	7.09214	20.1196	7.22939	20.3326	-4.58448	-1.87399
1477010451950000	6.95295	19.9624	4.77957	3.6223	0.505215	radar	0.568655	6.89359	20.1536	6.7749	20.1352	-4.50854	-2.07357
1477010452050000	6.53998	19.7838	4.76617	3.66022	0.494969	radar	2.52581	6.67637	20.2142	6.32834	19.9183	-4.42598	-2.26625
1477010452150000	6.0092	19.5372	4.87159	3.7099	0.502679	radar	2.65307	5.28178	19.5036	5.89034	19.6824	-4.33744	-2.45178
1477010452250000	5.66863	19.2298	4.83259	3.7718	0.510077	radar	0.67948	5.9506	18.9859	5.46145	19.4284	-4.24359	-2.62995
1477010452350000	5.36087	18.9902	4.73203	3.80611	0.486077	radar	4.37441	5.87397	19.301	5.04219	19.157	-4.1451	-2.80059
1477010452450000	4.82192	18.7454	4.84776	3.82983	0.472388	radar	2.97994	3.98679	19.0452	4.63297	18.8689	-4.04263	-2.96359
1477010452550000	4.48085	18.4552	4.79127	3.8635	0.451448	radar	1.24018	4.69245	18.4634	4.23416	18.5648	-3.93685	-3.11888
1477010452650000	4.00466	18.1779	4.91641	3.90278	0.466962	radar	7.89475	3.42434	18.8357	3.84606	18.2457	-3.82841	-3.26644
1477010452750000	3.74799	17.8585	4.80976	3.94308	0.449554	radar	2.89344	4.3011	17.9267	3.46891	17.9122	-3.71795	-3.40627
1477010452850000	3.27969	17.5424	4.92154	3.97103	0.448264	radar	3.36869	2.65664	17.888	3.10287	17.565	-3.60609	-3.53844
1477010452950000	3.03408	17.1298	4.92294	4.04637	0.480011	radar	1.39003	3.26647	17.0897	2.74805	17.2051	-3.49344	-3.66302
1477010453050000	2.68758	16.7952	4.86842	4.06128	0.441791	radar	3.07849	2.55039	16.8884	2.4045	16.833	-3.38059	-3.78014
1477010453150000	2.23177	16.4174	4.92285	4.06401	0.402186	radar	5.56407	1.57735	16.0489	2.07221	16.4497	-3.26812	-3.88995
1477010453250000	1.87292	16.0736	4.90947	4.07329	0.371877	radar	1.41979	1.74362	16.2687	1.75112	16.0557	-3.15656	-3.99261
1477010453350000	1.62372	15.6345	4.94335	4.13573	0.400352	radar	1.2841	1.6097	15.5526	1.44111	15.6517	-3.04644	-4.08832
1477010453450000	1.23216	15.2682	4.97916	4.13909	0.372211	radar	1.9611	0.828993	15.528	1.14201	15.2386	-2.93825	-4.1773
1477010453550000	0.946516	14.9063	4.92601	4.15151	0.344947	radar	2.38082	1.03147	15.2134	0.853604	14.8169	-2.83246	-4.25977
1477010453650000	0.729731	14.4385	4.96265	4.21098	0.371631	radar	1.48252	0.722177	14.2445	0.575628	14.3872	-2.72952	-4.33598
1477010453750000	0.403619	13.969	5.093	4.24746	0.386489	radar	3.9249	-0.0328023	13.9604	0.307779	13.9502	-2.62984	-4.40617
1477010453850000	0.168762	13.5009	5.14596	4.29373	0.401575	radar	1.366	0.0524412	13.6377	0.0497099	13.5065	-2.53381	-4.47061
1477010453950000	-0.106287	13.0603	5.13359	4.30566	0.374694	radar	1.1229	-0.275043	13.1456	-0.198962	13.0566	-2.44179	-4.52955
1477010454050000	-0.419372	12.5941	5.14559	4.30404	0.33665	radar	2.66833	-0.684792	12.3563	-0.438654	12.6011	-2.35412	-4.58326
1477010454150000	-0.726411	12.1721	5.14787	4.29947	0.304362	radar	2.58368	-0.972122	12.5207	-0.669818	12.1404	-2.27111	-4.63198
1477010454250000	-1.02518	11.7026	5.18371	4.30188	0.281262	radar	0.80729	-1.26757	11.6495	-0.892931	11.6751	-2.19304	-4.67598
1477010454350000	-1.18223	11.2303	5.11166	4.32411	0.261845	radar	3.61607	-0.891441	10.959	-1.1085	11.2057	-2.12017	-4.71549
1477010454450000	-1.32787	10.7542	5.11831	4.36901	0.283067	radar	0.859378	-1.29894	10.9012	-1.31706	10.7324	-2.05273	-4.75075
1477010454550000	-1.51072	10.2361	5.16896	4.40123	0.290741	radar	0.97189	-1.59293	10.0212	-1.51917	10.2559	-1.99093	-4.78198
1477010454650000	-1.66065	9.78039	5.11279	4.41965	0.275393	radar	1.19979	-1.59702	9.96554	-1.71539	9.77637	-1.93498	-4.80939
1477010454750000	-1.92076	9.2832	5.18696	4.4191	0.257588	radar	2.13327	-2.27191	9.37316	-1.90631	9.29431	-1.88502	-4.83316
1477010454850000	-2.05591	8.83837	5.113	4.43338	0.239663	radar	2.20094	-1.96565	9.13274	-2.09256	8.81003	-1.8412	-4.85347
1477010454950000	-2.33561	8.3208	5.19351	4.41662	0.206223	radar	2.62411	-2.65862	8.19477	-2.27474	8.32388	-1.80365	-4.87047
1477010455050000	-2.41522	7.90949	5.08335	4.44522	0.207867	radar	5.77727	-2.273	8.52315	-2.45348	7.83617	-1.77248	-4.8843
1477010455150000	-2.73768	7.41651	5.13283	4.39546	0.137721	radar	5.94547	-3.08256	7.38874	-2.62944	7.34723	-1.74777	-4.89507
1477010455250000	-2.84171	6.96137	5.0875	4.42573	0.153938	radar	1.11983	-2.79412	7.20818	-2.80326	6.85734	-1.72958	-4.90286
1477010455350000	-2.9342	6.50648	4.98836	4.43296	0.127951	radar	5.31029	-2.57673	6.36755	-2.97559	6.36681	-1.71797	-4.90774
1477010455450000	-3.16795	6.00983	5.06075	4.41984	0.108951	radar	2.69431	-3.50172	6.10796	-3.14709	5.87592	-1.71297	-4.90976
1477010455550000	-3.35463	5.49888	5.07843	4.40401	0.0718862	radar	3.01259	-3.19736	5.19093	-3.31843	5.38496	-1.71458	-4.90893
1477010455650000	-3.48803	5.00938	5.07517	4.41928	0.080771	radar	0.159438	-3.4281	4.94644	-3.49026	4.89422	-1.72281	-4.90525
1477010455750000	-3.68653	4.48583	5.11652	4.39597	0.0366493	radar	3.86972	-3.50501	4.17643	-3.66325	4.40398	-1.73763	-4.89868
1477010455850000	-3.87269	4.00036	5.13711	4.39399	0.0341719	radar	0.710147	-4.06447	4.10977	-3.83806	3.91452	-1.75899	-4.88918
1477010455950000	-4.07661	3.57322	5.09501	4.36722	-0.00700206	radar	3.67702	-4.23729	3.88878	-4.01533	3.42616	-1.78686	-4.87666
1477010456050000	-4.29789	3.04695	5.17423	4.34537	-0.0364113	radar	2.16415	-4.27467	2.88187	-4.19571	2.93919	-1.82113	-4.86104
1477010456150000	-4.47932	2.53209	5.20614	4.34592	-0.0318396	radar	0.561716	-4.38481	2.39989	-4.37985	2.45393	-1.86173	-4.84218
1477010456250000	-4.67988	2.0366	5.22924	4.31823	-0.077013	radar	4.7673	-4.29257	1.92854	-4.56836	1.97072	-1.90853	-4.81994
1477010456350000	-4.91787	1.51829	5.30647	4.29591	-0.100156	radar	1.65949	-4.98165	1.43611	-4.76186	1.48989	-1.9614	-4.79417
1477010456450000	-5.11646	1.05781	5.26035	4.28919	-0.0955632	radar	0.611417	-4.98594	1.10894	-4.96095	1.01182	-2.02019	-4.76468
1477010456550000	-5.28205	0.470478	5.36275	4.30279	-0.0753446	radar	6.71294	-4.84736	0.18101	-5.16621	0.536876	-2.08471	-4.73127
1477010456650000	-5.51563	0.00106159	5.32755	4.30324	-0.051766	radar	8.41865	-5.99809	-0.290765	-5.3782	0.0654719	-2.15477	-4.69374
1477010456750000	-5.74754	-0.390559	5.21911	4.27673	-0.0752236	radar	2.92451	-5.64447	-0.144522	-5.59748	-0.401971	-2.23014	-4.65185
1477010456850000	-5.93975	-0.863795	5.23165	4.26013	-0.10036	radar	6.59657	-5.30947	-0.724468	-5.82456	-0.865006	-2.31058	-4.60536
1477010456950000	-6.10081	-1.40805	5.28202	4.27736	-0.0744837	radar	3.82043	-5.68069	-1.52871	-6.05993	-1.32316	-2.39581	-4.55404
1477010457050000	-6.34983	-1.88383	5.3435	4.24662	-0.115498	radar	4.6684	-6.11355	-1.75966	-6.30406	-1.77593	-2.48555	-4.49762
1477010457150000	-6.64891	-2.30018	5.29872	4.21321	-0.134936	radar	2.54535	-6.99344	-2.17445	-6.55738	-2.22281	-2.57946	-4.43585
1477010457250000	-6.94669	-2.73647	5.29899	4.18327	-0.153137	radar	0.878271	-7.14408	-2.67584	-6.82029	-2.66323	-2.6772	-4.36847
1477010457350000	-7.19612	-3.19703	5.27964	4.17671	-0.141463	radar	0.312837	-7.13937	-3.22028	-7.09316	-3.09663	-2.7784	-4.29523
1477010457450000	-7.47723	-3.7079	5.33464	4.17697	-0.124272	radar	3.08998	-7.77186	-4.08999	-7.37632	-3.5224	-2.88265	-4.21586
1477010457550000	-7.7441	-4.12812	5.30468	4.15557	-0.135312	radar	1.43181	-7.52393	-3.88213	-7.67004	-3.93992	-2.98953	-4.13012
1477010457650000	-8.03188	-4.57178	5.29802	4.14085	-0.135574	radar	0.0510075	-8.08524	-4.57834	-7.97457	-4.34854	-3.09857	-4.03778
1477010457750000	-8.31626	-4.98409	5.21771	4.12917	-0.125968	radar	2.13649	-8.453	-4.95621	-8.2901	-4.74759	-3.2093	-3.93862
1477010457850000	-8.62036	-5.2999	5.08716	4.09185	-0.144128	radar	4.72649	-8.55062	-4.79248	-8.61678	-5.13637	-3.32121	-3.83242
1477010457950000	-8.93334	-5.69894	5.07731	4.07236	-0.147893	radar	0.161976	-9.04115	-5.69364	-8.95469	-5.51417	-3.43377	-3.71901
1477010458050000	-9.21779	-5.99648	4.95419	4.04108	-0.159909	radar	6.44337	-8.86897	-5.41973	-9.30388	-5.88026	-3.54643	-3.59823
1477010458150000	-9.56319	-6.36922	4.95724	4.01543	-0.167934	radar	0.725099	-9.80646	-6.41174	-9.66432	-6.23389	-3.6586	-3.46994
1477010458250000	-10.0248	-6.65034	4.98665	3.94461	-0.217764	radar	6.01023	-10.6688	-6.35543	-10.0359	-6.57431	-3.76969	-3.33404
1477010458350000	-10.3771	-6.97322	4.99074	3.91347	-0.2276	radar	1.33363	-10.2205	-6.71044	-10.4186	-6.90075	-3.87907	-3.19046
1477010458450000	-10.7932	-7.23564	4.98873	3.85971	-0.255326	radar	1.74419	-10.8944	-6.83335	-10.8121	-7.21245	-3.98613	-3.03916
1477010458550000	-11.156	-7.53582	4.96253	3.8321	-0.257234	radar	0.708393	-10.986	-7.3707	-11.2161	-7.50862	-4.09021	-2.88015
1477010458650000	-11.5462	-7.78651	4.92747	3.79146	-0.269907	radar	1.31102	-11.4213	-7.46085	-11.6304	-7.78849	-4.19066	-2.71349
1477010458750000	-11.9406	-8.02008	4.84046	3.75096	-0.280613	radar	1.74033	-11.9422	-7.88317	-12.0546	-8.05131	-4.28682	-2.53924
1477010458850000	-12.3796	-8.27042	4.91393	3.71153	-0.289537	radar	2.26705	-12.4462	-8.02117	-12.4881	-8.29633	-4.37802	-2.35756
1477010458950000	-12.7985	-8.44514	4.82065	3.66035	-0.308593	radar	2.24502	-12.7461	-8.19449	-12.9304	-8.5228	-4.4636	-2.16863
1477010459050000	-13.3053	-8.6324	4.88265	3.60578	-0.325465	radar	2.62289	-13.7929	-8.47158	-13.381	-8.73002	-4.54289	-1.97267
1477010459150000	-13.7559	-8.70385	4.76759	3.53186	-0.362063	radar	4.42174	-13.6376	-8.26344	-13.8392	-8.91729	-4.61524	-1.76997
1477010459250000	-14.2365	-8.89952	4.86093	3.50248	-0.35099	radar	2.46059	-14.4737	-8.79552	-14.3043	-9.08395	-4.68001	-1.56086
1477010459350000	-14.6663	-9.09647	4.83575	3.47743	-0.345333	radar	0.457863	-14.5757	-9.32634	-14.7754	-9.22939	-4.73658	-1.34573
1477010459450000	-15.1612	-9.29839	4.87283	3.45104	-0.338446	radar	4.35803	-15.6189	-9.69365	-15.2517	-9.35302	-4.78436	-1.125
1477010459550000	-15.662	-9.37079	4.83071	3.38907	-0.36444	radar	2.1334	-15.9382	-9.35751	-15.7324	-9.45431	-4.82275	-0.899159
1477010459650000	-16.2104	-9.33825	4.83519	3.30431	-0.40171	radar	1.91807	-16.6033	-8.85459	-16.2164	-9.53277	-4.85124	-0.668734
1477010459750000	-16.6176	-9.39298	4.76282	3.26202	-0.409114	radar	4.37666	-16.011	-9.33486	-16.7027	-9.58797	-4.8693	-0.434301
1477010459850000	-17.024	-9.70213	4.77062	3.29883	-0.350562	radar	7.48873	-16.9255	-10.8571	-17.1903	-9.61954	-4.87646	-0.196479
1477010459950000	-17.571	-9.66818	4.78979	3.22798	-0.378446	radar	2.93092	-18.1371	-9.39146	-17.6781	-9.62717	-4.87232	0.0440703
1477010460050000	-18.0915	-9.57141	4.78132	3.1466	-0.41491	radar	1.46938	-18.3083	-9.18778	-18.1648	-9.61064	-4.85648	0.286648
1477010460150000	-18.5335	-9.59741	4.77195	3.12042	-0.400913	radar	1.08331	-18.2443	-9.58547	-18.6493	-9.56977	-4.82864	0.530522
1477010460250000	-18.9957	-9.51155	4.77382	3.06868	-0.405192	radar	3.20318	-18.6983	-9.02886	-19.1305	-9.50447	-4.78851	0.774927
1477010460350000	-19.5114	-9.30687	4.77955	2.97586	-0.449056	radar	1.99087	-19.7037	-8.79906	-19.6069	-9.41472	-4.73591	1.01907
1477010460450000	-20.0628	-8.95967	4.85154	2.86494	-0.490971	radar	5.32598	-20.3815	-7.6755	-20.0775	-9.30061	-4.67066	1.26215
1477010460550000	-20.4987	-8.98357	4.82242	2.86239	-0.456946	radar	2.55909	-20.4587	-9.7448	-20.5409	-9.16227	-4.59271	1.50334
1477010460650000	-21.0183	-8.7737	4.86876	2.79938	-0.468448	radar	2.46936	-21.5568	-8.5005	-20.9959	-8.99994	-4.50202	1.74179
1477010460750000	-21.5044	-8.57973	4.88686	2.74279	-0.479462	radar	1.7237	-21.8628	-8.64129	-21.4412	-8.81393	-4.39865	1.97666
1477010460850000	-21.9555	-8.16101	4.91614	2.6254	-0.541382	radar	4.68922	-21.9514	-7.41274	-21.8754	-8.60465	-4.2827	2.20712
1477010460950000	-22.3657	-7.92964	4.91087	2.58962	-0.516779	radar	1.47024	-22.1914	-7.70392	-22.2975	-8.37258	-4.15437	2.43232
1477010461050000	-22.725	-7.77833	4.84455	2.55488	-0.513471	radar	1.9141	-22.3177	-8.57758	-22.7061	-8.11829	-4.01391	2.65145
1477010461150000	-23.1116	-7.55277	4.81161	2.4935	-0.541769	radar	4.38772	-23.2693	-8.32031	-23.1	-7.84243	-3.86163	2.8637
1477010461250000	-23.5009	-7.26711	4.82134	2.45982	-0.511625	radar	1.37586	-23.473	-7.02103	-23.4781	-7.54572	-3.69792	3.06828
1477010461350000	-23.8901	-6.91822	4.84998	2.40974	-0.503863	radar	0.428516	-24.0505	-6.56968	-23.8393	-7.22897	-3.52321	3.26445
1477010461450000	-24.2499	-6.4911	4.88965	2.33915	-0.51914	radar	0.817467	-24.3577	-5.94086	-24.1825	-6.89307	-3.33801	3.45149
1477010461550000	-24.5799	-6.2303	4.84763	2.2893	-0.536507	radar	4.58084	-24.788	-7.18367	-24.5066	-6.53896	-3.14289	3.62873
1477010461650000	-24.8557	-5.85972	4.82996	2.22622	-0.549774	radar	0.750817	-24.6108	-6.00878	-24.8107	-6.16764	-2.93846	3.79553
1477010461750000	-25.1194	-5.41257	4.8464	2.16162	-0.5531	radar	1.31285	-24.8975	-5.02285	-25.094	-5.7802	-2.72537	3.95132
1477010461850000	-25.4069	-5.08362	4.81823	2.13357	-0.524321	radar	1.42482	-25.5328	-5.4399	-25.3556	-5.37777	-2.50435	4.09557
1477010461950000	-25.6193	-4.91794	4.67915	2.12173	-0.492368	radar	7.31361	-25.0178	-6.55904	-25.5946	-4.96152	-2.27613	4.22781
1477010462050000	-25.8585	-4.50698	4.6848	2.07763	-0.482638	radar	0.196747	-25.8162	-4.40681	-25.8105	-4.53268	-2.04149	4.34764
1477010462150000	-26.1119	-4.1156	4.68857	2.01417	-0.520584	radar	10.8889	-26.8953	-4.43966	-26.0027	-4.0925	-1.80125	4.45471
1477010462250000	-26.2877	-3.67716	4.69541	1.93509	-0.565789	radar	3.82253	-26.5652	-3.85723	-26.1706	-3.64227	-1.55623	4.54875
1477010462350000	-26.4012	-3.17727	4.72218	1.84868	-0.603887	radar	1.77641	-26.2976	-3.01078	-26.3138	-3.18332	-1.30729	4.62954
1477010462450000	-26.5067	-2.79702	4.67882	1.78953	-0.610801	radar	0.828096	-26.4681	-3.44967	-26.4319	-2.71697	-1.05529	4.69696
1477010462550000	-26.6116	-2.27968	4.71109	1.73423	-0.596059	radar	0.790051	-26.657	-1.72382	-26.5247	-2.24456	-0.80109	4.75091
1477010462650000	-26.6603	-1.76745	4.72463	1.68009	-0.577478	radar	2.47022	-26.3248	-1.32261	-26.5921	-1.76744	-0.545553	4.79141
1477010462750000	-26.6628	-1.38615	4.67223	1.61068	-0.601377	radar	1.89482	-26.4998	-2.19526	-26.6338	-1.28695	-0.289538	4.81852
1477010462850000	-26.7235	-1.0118	4.62524	1.56801	-0.590643	radar	3.95076	-27.2008	-1.67679	-26.65	-0.804425	-0.0338883	4.83238
1477010462950000	-26.7173	-0.480642	4.67847	1.49896	-0.605698	radar	1.77173	-26.9891	0.0351487	-26.6406	-0.321181	0.220572	4.83317
1477010463050000	-26.6873	-0.0128852	4.68814	1.43709	-0.612315	radar	4.95071	-26.9537	0.136943	-26.6059	0.161489	0.473041	4.82116
1477010463150000	-26.652	0.43614	4.67085	1.39516	-0.586532	radar	2.12088	-26.8241	0.381506	-26.5462	0.642323	0.722748	4.79667
1477010463250000	-26.5427	1.13209	4.79162	1.35328	-0.540009	radar	9.61	-25.9562	2.60409	-26.4616	1.12009	0.968955	4.76007
1477010463350000	-26.4709	1.30624	4.60308	1.31972	-0.521172	radar	7.28523	-26.5072	-0.563928	-26.3526	1.59361	1.21096	4.71181
1477010463450000	-26.346	1.75935	4.60908	1.2684	-0.519679	radar	0.0107245	-26.3475	1.82827	-26.2197	2.06173	1.44811	4.65235
1477010463550000	-26.2116	2.21134	4.60235	1.23325	-0.490915	radar	1.41763	-26.069	2.27896	-26.0633	2.52336	1.67979	4.58223
1477010463650000	-26.0505	2.68257	4.64129	1.17345	-0.512201	radar	2.16475	-26.3234	3.02388	-25.8841	2.97746	1.90543	4.502
1477010463750000	-25.8919	3.18529	4.68656	1.13257	-0.5022	radar	2.07482	-26.1824	3.73376	-25.6826	3.42306	2.12452	4.41227
1477010463850000	-25.6731	3.54298	4.65097	1.077	-0.507943	radar	0.580677	-25.5773	3.13316	-25.4596	3.85924	2.3366	4.31367
1477010463950000	-25.4394	3.92369	4.63398	1.02679	-0.504925	radar	0.232288	-25.3516	3.75691	-25.2157	4.28514	2.54127	4.20686
1477010464050000	-25.1237	4.32124	4.63143	0.97466	-0.4915	radar	9.30067	-24.2719	4.30917	-24.9518	4.69998	2.73817	4.09251
1477010464150000	-24.8127	4.73453	4.65588	0.922955	-0.488239	radar	2.20001	-24.3609	4.95947	-24.6686	5.10304	2.92701	3.97132
1477010464250000	-24.4941	5.10963	4.68589	0.858753	-0.511121	radar	0.823317	-24.4379	5.24592	-24.367	5.49367	3.10754	3.84401
1477010464350000	-24.2039	5.3604	4.63977	0.795148	-0.531867	radar	2.05025	-24.5638	4.75836	-24.0477	5.8713	3.27959	3.71127
1477010464450000	-23.8789	5.79538	4.65663	0.775699	-0.481353	radar	4.84732	-23.5491	6.44495	-23.7117	6.23542	3.44302	3.57383
1477010464550000	-23.5723	6.18038	4.66948	0.749649	-0.455538	radar	1.69123	-23.7544	6.53746	-23.3598	6.58559	3.59775	3.4324
1477010464650000	-23.1963	6.39176	4.61677	0.691308	-0.460433	radar	4.56014	-22.7862	5.74143	-22.9928	6.92146	3.74376	3.28768
1477010464750000	-22.7824	6.68106	4.65044	0.629563	-0.47857	radar	1.79739	-22.418	6.76159	-22.6117	7.24273	3.88106	3.14038
1477010464850000	-22.3272	7.05187	4.7755	0.565003	-0.510124	radar	4.11852	-22.0543	7.85452	-22.2173	7.54917	4.00974	2.99118
1477010464950000	-21.9015	7.56498	4.88814	0.56423	-0.457149	radar	8.01931	-21.6178	9.0351	-21.8105	7.84064	4.12989	2.84074
1477010465050000	-21.5274	7.83027	4.86497	0.534222	-0.439473	radar	1.4821	-21.8637	7.78661	-21.392	8.11703	4.24166	2.68971
1477010465150000	-21.0634	8.2962	4.96361	0.539289	-0.384004	radar	5.9582	-20.5503	9.28616	-20.9628	8.37833	4.34526	2.53871
1477010465250000	-20.5453	8.63918	5.06756	0.490913	-0.403315	radar	3.90576	-19.9265	9.40847	-20.5237	8.62457	4.4409	2.38835
1477010465350000	-20.1237	8.91369	5.05023	0.478902	-0.366243	radar	1.79849	-20.2277	8.8532	-20.0753	8.85583	4.52884	2.23919
1477010465450000	-19.7168	9.12878	5.00129	0.462742	-0.33527	radar	1.88572	-19.9264	8.78179	-19.6186	9.07227	4.60937	2.09179
1477010465550000	-19.1799	9.46576	5.11054	0.43204	-0.340813	radar	3.14097	-18.5719	10.2069	-19.1542	9.27409	4.68278	1.94666
1477010465650000	-18.7795	9.55513	5.0271	0.382866	-0.353903	radar	2.16127	-19.2825	8.98189	-18.6827	9.46154	4.7494	1.80429
1477010465750000	-18.3029	9.53405	4.97892	0.293576	-0.4094	radar	7.48977	-18.1634	8.72444	-18.2049	9.63492	4.80959	1.66514
1477010465850000	-17.7733	9.74342	5.01162	0.270912	-0.384725	radar	3.26636	-17.2296	9.97767	-17.7214	9.79457	4.86368	1.52964
1477010465950000	-17.2645	9.92236	5.04909	0.238668	-0.382058	radar	0.344636	-17.1554	10.212	-17.2328	9.94087	4.91205	1.39818
1477010466050000	-16.7544	10.053	5.06289	0.204863	-0.376545	radar	0.238182	-16.5958	10.1078	-16.7396	10.0743	4.95507	1.27113
1477010466150000	-16.2274	10.223	5.1058	0.180447	-0.366537	radar	0.618391	-16.09	10.5824	-16.2424	10.1952	4.99311	1.14883
1477010466250000	-15.7274	10.3469	5.09805	0.161994	-0.343766	radar	0.674811	-15.7234	10.41	-15.7416	10.3041	5.02655	1.03159
1477010466350000	-15.0901	10.4888	5.23838	0.115295	-0.369632	radar	6.753	-14.2385	10.9109	-15.2376	10.4016	5.05576	0.919692
1477010466450000	-14.6396	10.454	5.11435	0.0915275	-0.332369	radar	7.76728	-14.724	9.63507	-14.7309	10.4882	5.0811	0.813394
1477010466550000	-14.105	10.5152	5.13025	0.0652072	-0.3238	radar	0.475629	-13.9005	10.5238	-14.2218	10.5645	5.10293	0.712926
1477010466650000	-13.5683	10.6458	5.13056	0.0750183	-0.273089	radar	3.45666	-13.3956	10.7857	-13.7107	10.631	5.12159	0.618496
1477010466750000	-13.0367	10.7096	5.15018	0.0552175	-0.266513	radar	0.123885	-12.9374	10.8137	-13.1979	10.6884	5.13741	0.530288
1477010466850000	-12.4662	10.8605	5.20269	0.0650952	-0.231245	radar	2.0165	-12.2518	11.2495	-12.6836	10.7373	5.15071	0.448467
1477010466950000	-11.9408	10.9325	5.20055	0.0635497	-0.20438	radar	0.817732	-11.9352	10.9161	-12.1681	10.7783	5.16179	0.373177
1477010467050000	-11.364	10.9954	5.24506	0.0532591	-0.193381	radar	1.58363	-10.9703	10.9676	-11.6516	10.8121	5.17092	0.304546
1477010467150000	-10.9432	10.8179	5.16515	-0.0386595	-0.274005	radar	8.10473	-11.3472	10.5111	-11.1342	10.8394	5.17836	0.242681
1477010467250000	-10.4567	10.7953	5.13811	-0.0617558	-0.267805	radar	0.480904	-10.6563	10.8369	-10.6161	10.8609	5.18435	0.187679
1477010467350000	-9.92306	10.9019	5.12222	-0.0291895	-0.196577	radar	7.54153	-9.90413	11.2255	-10.0976	10.8772	5.1891	0.139618
1477010467450000	-9.54528	10.7941	4.98918	-0.0569962	-0.191048	radar	4.3532	-10.195	10.3498	-9.57852	10.8891	5.19278	0.0985664
1477010467550000	-9.09323	10.7233	4.92755	-0.0722203	-0.175278	radar	1.92591	-9.2226	10.3527	-9.05915	10.8972	5.19557	0.0645787
1477010467650000	-8.67212	10.6026	4.84289	-0.0976125	-0.16942	radar	3.49143	-8.83914	10.0319	-8.53953	10.9023	5.19759	0.0376992
1477010467750000	-8.12126	10.6737	4.89663	-0.0755289	-0.130881	radar	3.30567	-7.91543	11.1157	-8.01974	10.905	5.19896	0.0179617
1477010467850000	-7.5667	10.6957	4.94071	-0.0589675	-0.0952748	radar	2.30566	-7.25987	10.6458	-7.49981	10.9061	5.19975	0.00539029
1477010467950000	-7.08861	10.7576	4.92016	-0.024782	-0.0421852	radar	4.64236	-7.39396	11.0181	-6.97983	10.9064	5.2	-7.84874e-15
